RhoGAPp190
Ddx1
CG2678
