CdsA
gl
pav
