dei
vlc
Hph
