bowl
prd
Fas3
crol
