Sobp
tub
Cip4
sar1
sav
